auc: [0.7820704010324855, 0.2920967497310043, 0.8199685647077677, 0.3348391606190334, 0.8933551987706325, 0.49785214824523255, 0.8138018746709096, 0.4270796370275406, 0.8736986618896088, 0.4344737986767702]
acc: [0.6773325358851675, 0.500299043062201, 0.7215909090909091, 0.5469497607655502, 0.7356459330143541, 0.5592105263157895, 0.6647727272727273, 0.576255980861244, 0.6010765550239234, 0.5580143540669856]
f1: [0.730182545636409, 0.001195457262402869, 0.6709084482149169, 0.328159645232816, 0.6728349370836417, 0.22339304531085352, 0.5327219674864527, 0.351487414187643, 0.35179786200194363, 0.24745417515274948]
auc_i: [0.4981470776767931, 0.467116352075273, 0.6363489703761361, 0.8656200278725303, 0.39727370023580044, 0.8950244385430737, 0.7896122956777546, 0.6745842729104188, 0.7312357632609143, 0.5469642478995445]
acc_i: [0.5194377990430622, 0.569677033492823, 0.5017942583732058, 0.7703349282296651, 0.5014952153110048, 0.8038277511961722, 0.6519138755980861, 0.687200956937799, 0.6555023923444976, 0.6357655502392344]
f1_i: [0.08223872073101085, 0.2706538266599088, 0.007151370679380214, 0.7907356948228883, 0.008328375966686495, 0.8227027027027027, 0.5201978565539983, 0.6685678073510773, 0.5072711719418306, 0.5840163934426229]
d_auc: [-0.28392332335569237, 0.17501960234426872, -0.18361959433163155, 0.5307808672534969, -0.4960814985348321, 0.3971722902978411, -0.024189578993154992, 0.2475046358828782, -0.14246289862869443, 0.11249044922277424]
d_acc: [-0.1578947368421053, 0.06937799043062198, -0.21979665071770327, 0.22338516746411485, -0.23415071770334928, 0.24461722488038273, -0.01285885167464118, 0.11094497607655507, 0.054425837320574155, 0.0777511961722488]
d_f1: [-0.6479438249053981, 0.2694583693975059, -0.6637570775355367, 0.4625760495900723, -0.6645065611169553, 0.5993096573918493, -0.012524110932454424, 0.31708039316343434, 0.15547330993988695, 0.3365622182898734]
