auc: [0.8854504176860852, 0.8506248760166633, 0.10959024884833256, 0.10436641759791929, 0.10901717031453194, 0.11100090370076485, 0.11507857788357688, 0.14959553880402918, 0.1291630849258304, 0.879190636778417]
acc: [0.57981220657277, 0.6338028169014085, 0.5, 0.5, 0.5, 0.5, 0.5, 0.5, 0.5, 0.8004694835680751]
f1: [0.694017094017094, 0.43884892086330934, 0.0, 0.0, 0.0, 0.0, 0.0, 0.0, 0.0, 0.782608695652174]
auc_i: [0.8907624148647756, 0.41960369415239485, 0.1036831316537724, 0.11955299874363551, 0.10150102492891622, 0.10167735678547027, 0.8952588772069033, 0.11507857788357691, 0.10108223676960039, 0.11556349048910047]
acc_i: [0.5, 0.5023474178403756, 0.5, 0.5, 0.5, 0.5, 0.8309859154929577, 0.5023474178403756, 0.5, 0.5]
f1_i: [0.0, 0.009345794392523364, 0.0, 0.0, 0.0, 0.0, 0.8134715025906736, 0.009345794392523364, 0.0, 0.0]
d_auc: [0.005311997178690353, -0.4310211818642684, -0.005907117194560163, 0.015186581145716221, -0.007516145385615722, -0.009323546915294578, 0.7801802993233264, -0.03451696092045227, -0.028080848156230007, -0.7636271462893165]
d_acc: [-0.07981220657277, -0.13145539906103287, 0.0, 0.0, 0.0, 0.0, 0.33098591549295775, 0.0023474178403756207, 0.0, -0.3004694835680751]
d_f1: [-0.694017094017094, -0.429503126470786, 0.0, 0.0, 0.0, 0.0, 0.8134715025906736, 0.009345794392523364, 0.0, -0.782608695652174]
