auc: [0.7992559719482797, 0.849996347432245, 0.8488534589816642, 0.7364102564102564, 0.8500624589086129, 0.851065454014172, 0.8531510702023521, 0.8502637153919206, 0.6264153700051136, 0.8271685294762219]
acc: [0.7512820512820513, 0.7764957264957265, 0.7705128205128206, 0.6388888888888888, 0.7777777777777778, 0.7722222222222223, 0.7799145299145299, 0.7538461538461538, 0.6423076923076924, 0.7102564102564103]
f1: [0.7616707616707616, 0.7586525149976927, 0.7451352634076887, 0.4979203802733215, 0.7549481621112158, 0.7512832477834811, 0.7660154475238528, 0.7571669477234402, 0.5170225043277553, 0.6229143492769744]
auc_i: [0.8464716195485427, 0.6229052523924319, 0.8509445540214771, 0.8348805610344072, 0.844490466798159, 0.8515903280005843, 0.8454226020892688, 0.8456154576667397, 0.8571330995689971, 0.8600281247717146]
acc_i: [0.7675213675213676, 0.6316239316239316, 0.7760683760683761, 0.7294871794871794, 0.755982905982906, 0.7790598290598291, 0.7653846153846153, 0.7376068376068377, 0.7846153846153846, 0.7816239316239316]
f1_i: [0.7605633802816901, 0.48009650180940894, 0.7565055762081785, 0.7532163742690059, 0.7224112785610112, 0.7674313990103464, 0.7384468794664126, 0.6751322751322751, 0.771532184950136, 0.762877030162413]
d_auc: [0.04721564760026298, 0.22709109503981306, 0.0020910950398128625, 0.09847030462415085, 0.005571992110453894, 0.000524873986412322, 0.007728468113083364, 0.004648257725180849, 0.23071772956388348, 0.03285959529549276]
d_acc: [0.016239316239316293, 0.1448717948717949, 0.005555555555555536, 0.09059829059829061, 0.02179487179487183, 0.006837606837606813, 0.01452991452991459, 0.01623931623931618, 0.14230769230769225, 0.07136752136752134]
d_f1: [0.0011073813890715156, 0.27855601318828377, 0.011370312800489835, 0.2552959939956844, 0.032536883550204676, 0.016148151226865304, 0.027568568057440124, 0.08203467259116504, 0.25450968062238066, 0.13996268088543862]
